Accuracy: 0.9438832772166106
Precision: 0.937125748502994
Recall: 0.9152046783625731
F1 Score: 0.9260355029585798
